813429765462571839795368142247153986539846217681297453978615324126734598354982671
010110001001011011000000010101100001000010000100001101010000000110110100100011010
736291458842653971591784632917538246254967183683142795469315827175829364328476519
001101000100000011001100011001010010010000010010010100110001100110000001000101100
214958367567132849398647215481796523752483691936521478843219756175864932629375184
111010010010100101100001000010000100000101000001000010000100001101001010010010111
312684957798521634456739281975416823281973546643258179124395768867142395539867412
000001001001101001010000110010100000001101100000001010011000010100101100100100000
294165837617834952385972641532681479741259386869743215928417563473596128156328794
000000000001110000001001110001100010010000010010001100011100100000011100000000000
692381547435627189187549236918274653574936821263158794746892315321465978859713462
110100110010011000000001000000000011001000100110000000000100000000110010011001011
478516293965832147213497856749361528836259714152748369524973681697185432381624975
010010010100100001001000001010001100010000010001100010100000100100001001010010010
452897316893651427176423985637148259549362178281975643324586791965714832718239564
110000001001001001000011000000010110001101100011010000000110000100100100100000011
542678391618359472379241568264915837135867924897432156923784615781596243456123789
100010001101010101001101100100000001000101000100000001001101100101010101100010001
962435781513278469847169532726813954385794216491652873139547628254386197678921345
000100000100011010011010111010000110000101000011000010111010110010110001000001000
719652384526348971843791256687435192234189567195267438368924715972516843451873629
100010111000001001001011100100011100000000000001110001001110100100100000111010001
734195682126738945958426371869352417572941863413687529397264158245813796681579234
100000101001101000100001000001000010011111110010000100000100001000101100101000001
748592136932761845516384792683145927291876354457239618129658473874923561365417289
110010101001000001100001010001101000100010001000101100010100001100000100101010011
589341726314726859627598431453812967162957384978463215295134678831679542746285193
000000000000110010001111011001001110000000000011100100110111100010011000000000000
983247516546318927721965384152684739374591862698723451267859143435172698819436275
011100100000010101110001001001000001010000010100000100100100011101010000001001110
973561482125384967846792315591243876684179523732658194369825741417936258258417639
101100011100100000010000000001010010011101110010010100000000010000001001110001101
327196854684523719951748623835672491469381572172459386243817965598264137716935248
000101000001000100110101011010000010101000101010000010110101011001000100000101000
876251943529743861341986725164397582752618439938524617495162378287435196613879254
110100101000110100010001000001000011010010010110000100000100010001011000101001011
279458631358167294416923785132784956765239148984516372527341869643892517891675423
111100010001010001010000000110010001001010100100010011000000010100010100010001111
791485326542163987638279154257398641364521879189647532926834715875912463413756298
010101100010011000001000010001001001100000001100100100010000100000110010001101010
165839427847625319239471856723968541918354762654712938486193275591247683372586194
100001100010010001010001001001001000110000011000100100100100010100010010001100001
267843519831569274954172638489321765175986342623457981796218453512734896348695127
010010101000001011000100001101110000000000000000011101100001000110100000101010010
269783154387415926415962387648579213173628549952134768831247695524396871796851432
101000110010101000101000010001100001101000101100001100010000101000101010011000101
297841536546397128831625749679132485483956271152784693718469352324518967965273814
111101100010000000001010001000000110100101001011000000100010100000000010001101111
874915632612843597953627418726481359498356721135279864361798245289534176547162983
011001000100001010010100001001011000100000001000110100100001010010100001000100110
983764152462195873751238964148957236395426718276381549817649325524813697639572481
111001000010100000011001000100010001011000110100010001000100110000001010000100111
348729156967815243215643798573982614896471532421536987184257369739164825652398471
111001010011010000100000100010100000010101010000001010001000001000010110010100111
638249157249157638517683492872596341963814275451732986184965723795321864326478519
110000110110001000001000010000110110000101000011011000010000100000100011011000011
914785236237649518685231974143967825892513647756824391578192463421356789369478152
110010010000000011101100010000100100100101001001001000010001101110000000010010011
935624781718935264426781935367149852592863147841257396659312478274598613183476529
100100100011111000110000000001100000110010011000001100000000011000111110001001001
853641927719352468264789135198537642635428719472196853521874396947263581386915274
101001001100110010001010010101000000000111000000000101010010100010011001100100101
839754162654821379217963584783246951921578436546139728172695843368417295495382617
111101000000010110010010000011010001100000001100010110000010010011010000000101111
456321987971584326238769145812647593569132478347895261725416839193278654684953712
111101111001000100100000001000101000001010100000101000100000001001000100111101111
532719648978246135641385792853697421469521387127438569394172856216853974785964213
101000101110101011000010000000101000011010110000101000000010000110101011101000101
284356917735491682691278534316529478458637129972814356143762895567983241829145763
110100100100001000000011101000100100101010101001001000101110000000100001001001011
398157264462389571751642389917463825685921437234578196176235948829714653543896712
110110011001100001001000010001100010000010000010001100010000100100001100110011011
342859617158736492769124358285973146914268735673541829897315264536482971421697583
110110001100000110000010100001001001010101010100100100001010000011000001100011011
846372591295148376713569248489215637671834952532697814367981425158423769924756183
000000100101101000100010010010101010001000100010101010010010001000101101001000000
857392614439716825621548379315967248782134956964825137248651793573289461196473582
010010010001010100110000011001101100000000000001101100110000011001010100010010010
517482369248963751639157284125634897976218435384579612453796128892341576761825943
101001001010010100001110100000000100110000011001000000001011100001010010100100101
358174962471692583962538174749851236235967841186243759613789425597426318824315697
010100000100101000010001110111100000000000000000001111011100010000101001000001010
674281953538967412129453876957836241481725639362149785716398524293574168845612397
110010001000001001001110100010000100101000101001000010001011100100100000100010011
527914863163728459498653127245836971839172645716495382954387216382561794671249538
111001111110000010001110000101000000000010000000000101000011100010000011111100111
312879546764135892985264713597342681138956274426718359259483167641527938873691425
100000001101000101000101000110101011000000000110101011000101000101000101100000001
136295874275148639489637215318759462924816357567324198841573926793462581652981743
000100101000001011000100001010010010101000101010010010100001000110100000101001000
865471923412369578397582641759618234143925786628743159276134895584296317931857462
110110010100001000100010100011011100000000000001110110001010001000100001010011011
261589347485763219379421865832976451617345982954218736798154623143692578526837194
011010100000110000000100101101000010100010001010000101101001000000011000001010110
423516789765892431189743526674351298538924167912678354897435612341269875256187943
010000010100010001101101101001101100010000010001101100101101101100010001010000010
154293786387146592269785134935872641476931825812654379791528463548369217623417958
111011010000110101000000001110100100000000000001001011100000000101011000010110111
697812543521374698384596721249763185768251934153489267475928316812637459936145872
110001101001100010000001001001000010000111000010000100100100000010001100101100011
351487692694352817728169534936218745415796283287543961842671359563924178179835426
101100100100001010000010100000000111001010100111000000001010000010100001001001101
972154638346278915581639724195723846234865197867941253613497582758312469429586371
110010100000001001010100011100010010110000011010010001110001010100100000001010011
937215486561478932428963175243796851796851243185324697852147369614539728379682514
111000010001101100010010010001010100000101000001010100010010010001101100010000111
697528314235941876418673529983452167526317948741896235864135792152769483379284651
010001000100100001101011000100000110000101000011000001000110101100001001000100010
397215468485967312216438975538642791649571823721893654973124586862359147154786239
111000001101000011000010011001011000100000001000110100110010000110000101100000111
369751824524386197187429536715948263498632715236517489853164972941273658672895341
100000001010100100010011100100001010100101001010100001001110010001001010100000001
354276189897541632612839754935712846781465293426398571248653917579124368163987425
111010000101001000100011001110000000010101010000000011100110001000100101000010111
841537629623914875957682431385291746216748593794365218468173952172859364539426187
100001110100110100001010000100100000011000110000001001000010100001011001011100001
659781342238954617147632958412576839896213475375498261521369784764825193983147526
010101010001101100000010000110000011001000100110000011000010000001101100010101010
548267193736915482291843675864759321175432968923681754317526849459178236682394517
100101001100101001001000100110000011000000000110000011001000100100101001100101001
592834761163279854847516239789365142321947586654182397216453978438791625975628413
101000000001010101010101000010100001000111000100001010000101010101010100000000101
872316459693574128514298763457923816329861574186457392268735941731649285945182637
111001001000001010011110000100000110010000010011000001000011110010100000100100111
835914672416287935729563418381476259962158347547392186194725863653849721278631594
100101001001001100010010010110000001001000100100000011010010010001100100100101001
716458932523791468849263175137826549962514387485937216358642791691375824274189653
111110001001001001110000000100010011000000000110010001000000011100100100100011111
921357468865194732347268915756923184493681257218475693679532841584719326132846579
111111000010000100000010010001100111000000000111001100010010000001000010000111111
164573928392168547578294136956837214237941865841625793713489652429756381685312479
111011100010101011100000000110000010100010001010000011000000001110101010001110111
659814327847263951123957648931476285275189436486325719564731892318692574792548163
111000111010101000000000101001100100000111000001001100101000000000101010111000111
271395468659248371834716592167859243385624917492137685726483159918562734543971826
001101100010000010100010001010010010001101100010010010100010001010000010001101100
568914732234768951719523648325896174647351829981247365176485293493172586852639417
111011100011000100000000001000110000100101001000011000100000000001000110001110111
263198475147235689958746231312469857794851362586327194671982543425673918839514726
111101100000100001000000110010110011000000000110011010011000000100001000001101111
167983245458261379329754186912548763673192458845637921591476832284315697736829514
001010000101001000000010011000011000011000110000110000110010000000100101000010100
278359146546712893913486752452678931639241578781593264164925387897134625325867419
011100000001100010000010001110010000010101010000010011100010000010001100000001110
378694512524731869169852374695143728482967153731285496243519687817326945956478231
100000100011100100000001000100010010100101001010010001000100000001001110001000001
147562398568193274239784651326458917894217536715639482681345729452971863973826145
101010101010000010100010001100101001001010100100101001100010001010000010101010101
359762148786451293421983675142695387563827419978314526694138752815276934237549861
100001011000000110001100000100011100001000100001110001000001100011000000110100001
549762138367891542182354976654237819791586324238419765875623491416978253923145687
111101010000011010000000001100000010100010001010000001100000000010110000010101111
382195764154276938976438512295387641431962875768514329549723186827651493613849257
010101100000101100001011000010010010100000001010010010000110100001101000001101010
825961734693274815147538269789352641256149378431687592962715483318426957574893126
000000010011011000100010110000101001010101010100101000011010001000110110010000000
721458936384769152965321748698132574453697821217584369136845297842973615579216483
000000000001010100100111001010010010010101010010010010100111001001010100000000000
753129684189463527642758391427936158398541276516287439875612943231894765964375812
000110010000010001011001110001100010111000111010001100011100110100010000010011000
196324587247598613835761492912835746458176239673249851764953128321487965589612374
000001011000100100110000001111010000000010000000010111100000011001001000110100000
954837216271694385863512479196485723532761948748923651387259164629148537415376892
111000000100010110111001100001000010000101000010000100001100111011010001000000111
567381942431972856928465317216753498875249631349816725182694573793528164654137289
100000000100010001101101000010001010001101100010100010000101101100010001000000001
752986431148273956396154287639512748571498623284367195415739862823641579967825314
111100000000010000001001010110110010010000010010011011010100100000010000000001111
946378125281956734735412968152789346468135297397624581529867413673241859814593672
010010001001000010100101011001000000010111010000000100110101001010000100100010010
564392178397168254182475936428517693619823745753946821931284567846759312275631489
000001000001111100000010101110000000100101001000000011101010000001111100000100000
216798354549613872378245196152437968763189245984526731827954613635871429491362587
100101001001101100100010001001000100000101000001000100100010001001101100100101001
145239687796184352238765194963472518421853769587916243679528431314697825852341976
110100000011000100110010010000000110100101001011000000010010011001000110000001011
761824539438695271295731468347186925982573146156942387813269754629457813574318692
110011000000100101010001001110000100000000000001000011100100010101001000000110011
763591482295784361814632957679825143451973826382146795138259674926417538547368219
010000010110101011000010000010101010011000110010101010000010000110101011010000010
837954621429861753651732894248193567965487132173526489782649315316275948594318276
111100001100000111010000000001010100000101000001010100000000010111000001100001111
183927465756384291294165873319256784472831956568479312641793528837512649925648137
101000100000101001010010010100110000100000001000011001010010010100101000001000101
326895714915674328847213956192368547538947261674521893763459182251786439489132675
100011001100100010101000000001010010100101001010010100000000101010001001100110001
293871645458962371176435982765184239831629754942357168629748513314596827587213496
000100100100100010000010001001011100011000110001110100100010000010001001001001000
419723685836195274572684319128547963394268157765931428941876532683452791257319846
000010100010001010000110110011001000100000001000100110011011000010100010001010000
315247896946538127872691453154823679723916548698754231439162785567489312281375964
000010001001000100100011010010011011000000000110110010010110001001000100100010000
439165728682947513175328496254876931796513284318492657561789342823654179947231865
100010011000011100100100000010010101001000100101010010000001001001110000110010001
371286945468579123952134687149725836537618492826943571785391264693452718214867359
001001010100100000001110101100000110001000100011000001101011100000001001010100100
683541792721389456495726183156974238372815649849263517534697821217438965968152374
001110100001001001110001010001100000010000010000001100010100011100100100001011100
485927136379416285261385497813792654942561873657834912128673549794258361536149728
001101001001001100000010000110010000100101001000010011000010000001100100100101100
583791642176524893942368517794682135831475926265913478617259384358147269429836751
110010011010110100000001011000001100100000001001100000110100000001011010110010011
184257369592643871367819524428391756759468213631572948273184695946735182815926437
100101001010010010000101000010010010001000100010010010000101000010010010100101001
479853261861472539253619487796124358182935746534786192628341975945267813317598624
101001110000100011100010000000100011001000100110001000000010001110001000011100101
723418965691735284845962173572891346168354792934627851289543617417286539356179428
110001100011000000011110100110100000010000010000001011001011110000000110001100011
425869713891273465763154982619325874542687391387491256278546139154938627936712548
111010111010101010000000000001101100100000001001101100000000000010101010111010111
295316784814527963376849251483172695762495318951638472538764129127983546649251837
110010001100100101010010000001001000100000001000100100000010010101001001100010011
895742361132956784674318295281639457356874912749125836423581679917463528568297143
100001110001100010000010001000100100010010010001001000100010000010001100011100001
958367421647215938231849567423986175165473892879152346784631259512794683396528714
010000010011101110000010000100101001000000000100101001000010000011101110010000010
267183495349675812185942376694528137523791684871436259952814763416357928738269541
000100000000001110001011001101100000010010010000001101100110100011100000000001000
836749512754261839219835674491653287375482196682917453567194328943528761128376945
101110010001010001001001000100000010001101100010000001000100100100010100010011101
495638217281475396673291845319762584726854139854319672968127453137546928542983761
001010100010101010100000001110101011001000100110101011100000001010101010001010100
463271958927586341158943276746392815819465732235817694394128567572634189681759423
110101010101000000010001000000011100010101010001110000000100010000000101010101011
476913852513728694928564137261359478739481526845276319352847961687195243194632785
000100110001001000010001110000011010100000001010110000011100010000100100011001000
937256814412389675856417932145893267378162459269745381721938546593674128684521793
001101010010000110100100000001010001011000110100010100000001001011000010010101100
284671395953428716617935428569843271471592683328167549736219854145786932892354167
100011000010100001101000000100001011000101000110100001000000101100001010000110001
268753914354912687719468235172394568586271493493586721637849152925137846841625379
001000110110100010100001001001101010000000000010101100100100001010001011011000100
179386254584792361326451987863175429497823615215964873752639148631548792948217536
010000110010011010001001001001100000001010100000001100100100100010110010011000010
865173942172984563349265187691752438453618729287439615718526394534891276926347851
110010000111001100000010100010000101010000010101000010001010000001100111000010011
934568172572431689168279543219845736453716298786392451391654827625987314847123965
100010110010100000000000101100101010010000010010101001101000000000001010011010001
192635847536874912847219635763421598254398176918756423679182354421563789385947261
110100010001001001000000010100010010010101010010010001010000000100100100010001011
234856179568791423719423658127349865485267931693185742351678294946512387872934516
100010001011000110001101100011000110000101000011000110001101100011000110100010001
638125794247398651159674328893412567471536982562789143916247835784953216325861479
101100100111001000000100101000001100000010000001100000101001000000100111001001101
938147625451286397762539481693852174217964853845713269384695712526471938179328546
111100000000011010100001001010100100001000100001001010100100001010110000000001111
248391675675482913931567824512749368396815742487236159824673591759128436163954287
110001101000010000010001000010001100011000110001100010000100010000010000101100011
796354812431289567258716439827943156514678923963521748682495371175832694349167285
110000011001010100000101000010111010000000000010111010000101000001010100110000011
942871365135629487768345912256983174471256839893417526389764251614532798527198643
100110001110000111000001000010000111000000000111000010000100000111000011100011001
831952647245176839697348521972683415583214976164597283719425368328769154456831792
101110000110100000000001100101100010000000000010001101001100000000001011000011101
931258764476139285582764193693827451725416938814395627268541379159673842347982516
010101010011101110000000000100000001010101010100000001000000000011101110010101010
178635249396472581452981376824356197513794862769218435631547928987123654245869713
010011000010000011010101000001001000001010100000100100000101010110000010000110010
498723516267915834351864279824396157936157428715482693183249765649571382572638941
000011100011100010100100010100000110100000001011000001010001001010001110001110000
483916572617523849529748361968237415154869723732451698341695287275184936896372154
000101010101100100100000011010000010000101000010000010110000001001001101010101000
562738491834519726179426538346892157917365842258174963483257619791643285625981374
100110000011001000100000100010010001001010100100010010001000001000100110000011001
867194235231856794459237681645382917128975463973461852382719546594623178716548329
010110001101000100010100000001110000010000010000011100000001010001000101100011010
467235819523198764198476235634521987951867423872943156789352641316784592245619378
000001110100010000001110001010000111000010000111000010100011100000010001011100000
467158329852739461319426785731845692684392517925671843246513978598267134173984256
010000000001110000001010111011001001000000000100100110111010100000011100000000010
285974361716523849349681752971436285852197634634852917593748126127365498468219573
000001100000110100111100100100000110010000010011000001001001111001011000001100000
397162584586794213142835796859341672763289145214576938921458367475613829638927451
010110000100000101011000000000011101001000100101110000000000110101000001000011010
854923617197586432263741958328459176476318295519267843742895361931672584685134729
010100000011001000100001011100010100000101000001010001110100001000100110000001010
361497258784235961925186734138972546642518379597364182253841697816759423479623815
010000011000010000110101000101100000110000011000001101000101011000010000110000010
396187542812954763754236891187423956963715428425698137631579284578342619249861375
110000011100010001001101100010000010100010001010000010001101100100010001110000011
372658914691432758458917623784563291126794835935821476517246389863179542249385167
010101010000010010110001000000000101001010100101000000000100011010010000010101010
572318946864259713193746852439821675215967438687534291946185327721693584358472169
101011100000001000101000010100000011000111000110000001010000101000100000001110101
156927384738145629249836175573698241982451763461372958617589432395264817824713596
110000000000100100010100110100011010001000100010110001011001010001001000000000011
162897354759134286384625179546382917923741568817569423478213695631958742295476831
100010001010010010000101000011010110001000100011010110000101000010010010100010001
249536718671984352358127694426719835897352461513648279964271583185463927732895146
110101100100000100000010010000101010100000001010101000010010000001000001001101011
813957624692431785745286931276598413438162579159743862324875196567319248981624357
000000010010001000100100011001100100101000101001001100110001001000100010010000000
379246158548791236216538794654172983783954612921863475892415367135627849467389521
010110000011000011001000110000101001100000001100101000011000100110000110000011010
469351782258974361317862459731528694895647213624193875943716528572489136186235947
101000000000001011011011000001111100000000000001111100000110110110100000000000101
385496172671523489942871563514237698837964251296158734459682317728315946163749825
000010100100001010000100110101000010100010001010000101011001000010100001001010000
239745168758216943614398257572961384186432795943857621821674539367589412495123876
110010001100001001001010000000010001011000110100010000000010100100100001100010011
472613859695478123318295764246357981731869245859142376124986537563721498987534612
100010001101000001001111000010100000001010100000001010000111100100000101100010001
198527463247316859356489721712954386463178295985263174639742518524891637871635942
101000010000100000011011000100001110010000010011100001000110110000001000010000101
236897145978541632145263978457319286621485793389672451792138564563924817814756329
010011000001100101010001010101000010100000001010000101010100010101001100000110010
843195726795426318261387954374219685589764231612538479438952167926871543157643892
000101000010000010100111001110000011001000100110000011100111001010000010000101000
542637189361598274879124365184956723253471698796382541918765432437219856625843917
010001000100000111000100001000010111100000001111010000100001000111000001000100010
946531728387294651251768943419682537865379412723145896634927185192856374578413269
001101100101101101000000000110010011000000000110010011000000000101101101001101100
591673482274819635863542917439261578657938124128754396346127859785396241912485763
001001001010110000010000010001100110001000100011001100010000010000011010100100100
948513672365278914127496358654321897791845236283967145832154769416789523579632481
101001000000011001010101000100000110001000100011000001000101010100110000000100101
645197382829364175713852469376218954482579613591436728257941836134685297968723541
001001100101001000010000011010100001100000001100001010110000010000100101001100100
764812395519634827823579416156947238382165749947328561675293184431786952298451673
001010100100111001010000010001101100000000000001101100010000010100111001001010100
165923478432187695987465132329751864514836927678294351743519286256348719891672543
001001100000010001010100001001001010100000001010100100100001010100010000001100100
542987136197623485638415972421836597986571324375249618259168743863794251714352869
110001001010001011000010000110101000001000100000101011000010000110100010100100011
397152846284376159156849327712483965849615273635927418423568791961734582578291634
000011010000001011000100101001000010000111000010000100101001000110100000010110000
745189362238476591619532748453817926976243815182965437597321684861794253324658179
010001110001000001000001001000011100101000101001110000100100000100000100011100010
165328794732194658498675132649731825251846973873259416517462389984513267326987541
001101100001000100010010010001101100100000001001101100010010010001000100001101100
357462918286391457149578632435219786891756324672834195523947861718623549964185273
001101100010000010010101010001101100000000000001101100010101010010000010001101100
149728653785463291623195487264917835317584926958632174831276549592341768476859312
011010000111001000000000010100011001001000100100110001010000000000100111000010110
512738694763594218984126357245987136398461725671352489436815972829673541157249863
010011010000100000011000100001000010010111010010000100001000110000001000010110010
162958437349172658875643921531489276926317584784526319298734165653891742417265893
010000010010001000100001101000011100100000001001110000101100001000100010010000010
739465128516982437482713659374596281895127346261834795153278964928641573647359812
001001001010110000001100100010000100011000110001000010001001100000011010100100100
472381596613459872589276143246798315197563428835124769951637284364812957728945631
010010000010000011010001101100010010000101000010010001101100010110000010000010010
837564219654129873192783465476298531325641987981375642743956128269817354518432796
000100100110011000000100010011001110001000100011100110010001000000110011001001000
926437158743518296158692347462153789831769425579824631695341872317285964284976513
001100000001001010110011000101010000010000010000010101000110011010100100000001100
258491736174563829693287541816942357549736182732815964987654213365129478421378695
000110100000101100110100000010000111100000001111000010000001011001101000001011000
491632857365187492287594316852376941674951283913248765546823179729415638138769524
010100000101000011001101000000000110010101010011000000000101100110000101000001010
157649382948723165263815479681274593732956841495381627516497238874532916329168754
010000001001101000010100100100000001000111000100000001001001010000101100100000010
948531726567248319312796548439185267176423985825679431683954172791362854254817693
011000110000101000100010001001101100010000010001101100100010001000101000011000110
428395716395167482716248593239654178654781329187932654862573941543819267971426835
000001010111000010001001110101010000000111000000010101011100100010000111010100000
948732516213456897675918324891347652324165789567289143789621435136594278452873961
101000010001001110000000001110001010000010000010100011100000000011100100010000101
472863195365791482891425637586139724723648951914572368149286573237954816658317249
010100010101000001001000011000011011000010000110110000110000100100000101010001010
781596432965432718243817956172364589659178324834259671398625147527941863416783295
010011000100000011000000001100011100100010001001110001100000000110000001000110010
425816793916735428783429615269381547871654932354297186137962854692548371548173269
001011110000010100010100000010010001100000001100010010000001010001010000011110100
851379246634582971927614538578421369496835127213967485389256714765143892142798653
010011010100001001000000110011100100000000000001001110011000000100100001010110010
968251743513974628742368951174895236689132574325647819236519487897423165451786392
100110000000000111001000011100100100000111000001001001110000100111000000000011001
762189543853642971941735628624357189185294736397816452236471895578963214419528367
001100000010000010001001101001101001000010000100101100101100100010000010000001100
752318496684279315391564827567923184143687952928451673279846531816735249435192768
001000100110010011000101000010101010001000100010101010000101000110010011001000100
924135768613897452578246391892713546457628913136954827289471635361589274745362189
100000001001000100001101100010111010010000010010111010001101100001000100100000001
136847529825639147479125368754281693362974815981563274693752481247318956518496732
000110011000000001011100100010001000010000010000100010001001110100000000110011000
543976128178235469629481753895764312467123895312859647286517934951348276734692581
100010100100110000001100011011000000001000100000000110110001100000011001001010001
729583164136794825845216397412857639583649712697132458954368271378921546261475983
000011001000000111010010000010000101000111000101000010000010010111000000100110000
183726549567894312924513678495281763378465921216937854852179436649352187731648295
001000010010110000010001100010010000110101011000010010001100010000011010010000100
459137826871642359263859741395716482614285937728493615137564298986321574542978163
101100000000001110100001010001001001001010100100100100010100001011100000000001101
378651429496732185251894673735946812614528937982317564143289756827465391569173248
100100010101100001000001010010100100000000000001001010010100000100001101010001001
819235674563947218274618395621483957948752136735169842496871523157326489382594761
001000100101010101100101001000101000010000010000101000100101001101010101001000100
268391547319475826754628931427963185186547392935812674672139458543786219891254763
110001010000010100000001000101100010010101010010001101000100000001010000010100011
675348219218795346349162857792831564834956721561427983153689472427513698986274135
011000110100000100000100110010110001010000010100011010011001000001000001011000110
423619758578342619961785324156974283749238561832156947387521496615493872294867135
001100001000001011001000100010010010010101010010010010001000100110100000100001100
381746592495382167762951348879534216613297485524618973146823759257469831938175624
000001011101000100001010001010011001000000000100110010100010100001000101110100000
935264817182537946674918253317846529258391764496725381821473695563189472749652138
000100101010000010101110100100001001010000010100100001001011101010000010101001000
293784156164259387587631492329476518641598723875312964752963841916847235438125679
001001000000101011010100010100100100100000001001001001010001010110101000000100100
154238679823976514769451832246317985391845726578692341487169253615723498932584167
001000010000101001001110000100000011100010001110000001000011100100101000010000100
734162985865794123921385746159273864276548391348916257492637518613859472587421639
010011000000000100101000110010001000110101011000100010011000101001000000000110010
265839471197456283438271596342568719986714325751923864519387642824695137673142958
000011100100000110000000100111101000010000010000101111001000000011000001001110000
438269571962751843157348269293685714814927635576413982649172358381596427725834196
100011100010001110000100000110001100000000000001100011000001000011100010001110001
386741259254398716719652384628573941537419628491826573145967832973284165862135497
000100000011101000010011100111000010010000010010000111001110010000101110000001000
284163795653479281917582346498731562561928437732654918346217859825396174179845623
000000000010111010011010110011010110000000000011010110011010110010111010000000000
639482751254971638871365492518234967943716285762598314395827146426153879187649523
001001000000101010110000100011000001100000001100000110001000011010101000000100100
145379862627458391983261574491583726872694153356712948238947615764135289519826437
000010101000010000000001011001100100110101011001001100110100000000010000101010000
729631845168254397543798216285973461697412583314586972851347629432169758976825134
100000001001101100011000110010101010000000000010101010011000110001101100100000001
834695217762184593195327648576932184923841756481756329359278461218463975647519832
000000010100010110001011001001110000001000100000011100100110100011010001010000000
479583162285176439361294875598612743126437958734958621657829314842361597913745286
010000100000011001100100000010010100010101010001010010000001001100110000001000010
539842617786391245421576983278453196365918472914627538897264351643185729152739864
111100000000001000010000101001010010110000011010010100101000010000100000000001111
615374289974128365283965147739581624826743951541296873357612498168459732492837516
110100001100010000010100100011000100000010000001000110001001010000010001100001011
437518692628349571591267843875423169142796358963851724216935487754182936389674215
010001100000000101111001100101010000000101000000010101001100111101000000001100010
315846279978132645642957813439685721786291534521473986153768492864329157297514368
100001010000110100011100000000010110010000010011010000000001110001011000010100001
925137864784692351316458297138946572567321948249785136691873425472519683853264719
011001100000000001100110001100010100001101100001010001100011001100000000001100110
275341869163978425849526317714853692698712534352694178931487256427165983586239741
010100110111000011100100010000000101000010000101000000010001001110000111011001010
176325948328649175459817326235461897891572463764938251682793514517284639943156782
010010001110000000011101000110100000010000010000001011000101110000000011100010010
389145762561372894724896315647218539152439687893657421235781946918564273476923158
000000000001101100100111001011010110000000000011010110100111001001101100000000000
148693725276145389593287461439756218812934657765812943954321876327568194681479532
001110001000100110100010001010000010100000001010000010100010001011001000100011100
946218735153976248287534916819352674472169853365487192698743521731625489524891367
010001010001110000101001000001110100000000000001011100000100101000011100010100010
597362148148759362263418957821534679356297481479186523785943216912675834634821795
100101001000010000001010100011010110001000100011010110001010100000010000100101001
671329458349158627528674319895761234264935781713482965156247893482593176937816542
100100011000100010000010010001000001110101011100000100010010000010001000110001001
853241796926537481741896523618725349237419865495368217174652938562983174389174652
101010100000100101100100000110100001000000000100001011000001001101001000001010101
426851937958437162317926458231694875895172346674583291149768523562319784783245619
100111001001000010010000100100100000010101010000001001001000010010000100100111001
469815732385279164172463589631752498894631275257984316716528943923146857548397621
010001000101110000001010010010001000010010010000100010010010100000011101000100010
627941385539728461184356297965174823341682759872593146798215634416839572253467918
101011000001000110100000100000010001001101100100010000001000001011000100000110101
498367512671529483523841796734986125862415937159732864217694358346158279985273641
011000010101100000000010100001011001010000010100110100001010000000001101010000110
246953178873641259591728634387296415162485397459317826634179582928534761715862943
001010000000100110010101010110000000100000001000000011010101010011001000000010100
635724981948651732172839465391572648824396517567418293756143829283967154419285376
001000100010101010011000110000111000001000100000111000011000110010101010001000100
523691748418725369796438251281546937657389412349172586974813625162954873835267194
000000010011010000101101000100001000001101100000100001000101101000010110010000000
126583794394267851578149326981624573735918642642735918467892135853471269219356487
010010011000001000000100101111010000010000010000010111101001000000100000110010010
871435296926871534435629718692143857348257961157986342563718429714592683289364175
001000100101010101000101000100101001010000010100101001000101000101010101001000100
572684139436519728819732546293146857185397264764258913941865372657923481328471695
100010001010100100000000111100100000101000101000001001111000000001001010100010001
817392546943576281526418793371859624268147935459263178735624819682931457194785362
101010001010000000010100001100001010100101001010100001100001010000000010100010101
937182645841965732562743819795624183286531497314879526673218954458397261129456378
100111001010000010001101100001010100010000010001010100001101100010000010100111001
689124375453697821127385496832569147761248953945731268518972634276413589394856712
101001000011100000100010010100000011000101000110000001010010001000001110000100101
934871265672935184815462973146398527257146398398527416483719652729654831561283749
001010001101100010000000001000001110000111000011100000100000000010001101100010100
358691742796342815124875693415963278673284159289517364941738526862159437537426981
100001100010000000111001101001010010000101000010010100101100111000000010001100001
458169237963247185712835496537981624289674513146352978395726841824513769671498352
011000110100010001000101000001101100100010001001101100000101000100010001011000110
246571389815963427937824516793146852184295763652738941321489675479652138568317294
000100010110100001110010000001010100010000010001010100000010011100001011010001000
391826745857413629426759138738962514269541387145378296614287953573194862982635471
010100010100010001000000110101011100100000001001110101011000000100010001010001010
523784916849126753176935428658349172312857694794261835231698547487513269965472381
010000101100100001010100100000110100000101000001011000001001010100001001101000010
376491528489625173215378964627549831854136792193287645762814359541963287938752416
010001001010110000001000011110100000100000001000001011110000100000011010100100010
172986534935274861486513927829741356754639218361825479518397642697452183243168795
010100101000001001001001100000100000110010011000001000001100100100100000101001010
467918325512346798938725416643291587175863942829574163794652831281437659356189274
010110100100101100010010001000000110000000000011000000100010010001101001001011010
251948367387516249694237518865423791149875632723691854976384125512769483438152976
110000011000101000010010010001101100010000010001101100010010010000101000110000011
362458719548719362971236854815697423793124586426385971254863197187942635639571248
000001110000000011001100000001001010101101101010100100000001100110000000011100000
936182754421975836758364129694731285375628491182459673563217948847596312219843567
001001100010100000110001100110010000000101000000010011001100011000001010001100100
213897456847165293659342781392584617571236849486719532134678925728953164965421378
000100001101000110100010001011100000000101000000001110100010001011000101100001000
723561498158934276649827531814695723362478915975312684431759862596283147287146359
010110000110110100000000110001010010100000001010010100011000000001011011000011010
528637914761849253943152876315478692289365741476291385654983127197526438832714569
000010100001100100011001000010010001100101001100010010000100110001001100001010000
412965738793218645568473219681539427324187956957642381879321564136754892245896173
010000001000110010011100000101001011000000000110100101000001110010011000100000010
761549328398762451254138967645271893837956142912384675526893714189427536473615289
000001110001100000001101001000000110010010010011000000100101100000001100011100000
531982647429576318786431592845613729697254831312798456178325964954167283263849175
000010000011010000000001011110000100011000110001000011110100000000010110000010000
782396541546128973931547826168934257259871364473265189314752698695483712827619435
000000110000110110101000000010100011001000100110001010000000101011011000011000000
516738294872149365439265781284953617951627438367814952198476523643582179725391846
000000010000101010101100110000010101001000100101010000011001101010101000010000000
571296384684315297392487156729643518465128739813759642157864923238971465946532871
001000100100101001010010010010101010000010000010101010010010010100101001001000100
613974582245183796879526431458692317197435628326817945961358274784269153532741869
011000001100001000111001000011010000000101000000010110000100111000100001100000110
213698745758134269469752183625981437394267851187543926532419678871326594946875312
101100000001000010100111000000010000110000011000010000000111001010000100000001101
718653429629478531435921876543896217167342958982517643251789364876234195394165782
001100100000010001111000000100000100011000110001000001000000111100010000001001100
795318642436572198281649357627954831843761925159823476964287513512436789378195264
100011100100000001010001100010000011001010100110000010001100010100000001001110001
657314892941872356382956174568421739173698425429735681894267513216583947735149268
001001100100000000100011100011110000000010000000011110001110001000000001001100100
746128395915473862283956174568794213437261589192385647821547936679832451354619728
001101100101000101010000010000111000010000010000111000010000010101000101001101100
917852364325649781648731529791428635234165897586397412479286153853914276162573948
010100000110100101000000110000000010100111001010000000011000000101001011000001010
426835791137296845859147362743562918961784523582913674318629457295478136674351289
100010001001000100010111010101000101000101000101000101010111010001000100100010001
612853479798214356534769128246198735173645982859327641981432567325976814467581293
110100000100000100001110010000010001000101000100010000010011100001000001000001011
753894261296153487418726593572649138139578624684312759947235816365481972821967345
000100010000010011100000100011001100110000011001100110001000001110010000010001000
173865924628194753945732816382571649467928135591643278236487591759316482814259367
100110000110001010000000100100010101110000011101010001001000000010100011000011001
462518739598347621371926458635279814189634572247185396826751943714893265953462187
001010010000010101000111000100000101001000100101000001000111000101010000010010100
864251397219873654753946281496715823587392416132684975378169542641528739925437168
000000010011101010100010001000001100110000011001100000100010001010101110010000000
457213986812596437693874215249351678581467392736982154964738521328145769175629843
000100100010100101000111001011000001000000000100000110100111000101001010001001000
468917532915283764732546819693475281124368975857192346371629458549831627286754193
000100010100001000100111000100010101101000101101010001000111001000100001010001000
265148379138957624749326851987512436321864597456793182513479268694285713872631945
010010100010100010101000000001100001010101010100001100000000101010001010001010010
687594123153627489492318756978452361321976548546183297234769815819235674765841932
010000010110010011100000001100101001000101000100101001100000001110010011010000010
354689172127354968968271543519468237872935614436127859285746391793512486641893725
110100000000100110001000010011001000001000100000100110010000100011001000000001011
691837425528946137347521689239168574756493812184275963472689351813754296965312748
010100001100000010010011100100000010001010100010000001001110010010000001100001010
921873654874526913536941278759384162142697835683215749265139487397468521418752396
100100100001010010001011010100010001010000010100010001010110100010010100001001001
348175296597826341126394587753962814614538729289417653472681935961253478835749162
101000101010000010100101001001101100000000000001101100100101001010000010101000101
174629583529483176683751924962847351435912867817536492798164235251378649346295718
000001010000101101100100001010010100001000100001010010100001001101101000010100000
328197645176254983495836721752419836631528479984673512217945368849362157563781294
000110101100100010010010000101000000001101100000000101000010010010001001101011000
925173486147586239368942571673214895581769342294835617412698753859327164736451928
100010000000000110000101101110010000110000011000010011101101000011000000000010001
985734612137862945426519873743698251519273486862145397698351724271486539354927168
010101010001000100100000001001101100100000001001101100100000001001000100010101010
154239876872516439693784152537491268981362547426875913218643795345927681769158324
000100001000011010011010110011001000000000000000100110011010110010110000100001000
931548672765291834284736951673984215452617398819352746328475169596123487147869523
000000100101001110100101000001010010010000010010010100000101001011100101001000000
849562713673491825512738964958617342734925681261843579396284157485179236127356498
000000110101001011000001000100100010100010001010001001000100000110100101011000000
471328659695417823283965471847153962952674318316289547729536184164892735538741296
110000100000001111000000011001110000001000100000011100110000000111100000001000011
375692184146378259928154367254937618783216945619485732491523876537869421862741593
000001010100000111100010001010001010001000100010100010100010001111000001010100000
294516837836247951751983264627851493948632175315794628172465389583129746469378512
001101100100111001000010000110000011000000000110000011000010000100111001001101100
926315847375248691418796253587624319641973528239581476193852764762439185854167932
000100101100000011010011000000110100010000010001011000000110010110000001101001000
943517826271698534586234791327941685865372419419856273758163942194725368632489157
010001010101010000000011100010100001100000001100001010001110000000010101010100010
427519836589236471613784295978421563236857914145693728364978152751342689892165347
110000000000001010001001001100000101100101001101000001100100100010100000000000011
395864127871392465264751893129476358453128976786935241648519732932687514517243689
010000010001101100001101100010000010101000101010000010001101100001101100010000010
612798453379564812458132796293871645845623179761459328937216584586947231124385967
100101100001010010000000100100001100100010001001100001001000000010010100001101001
498367215652819743713524896137695428964182357825743169346971582581236974279458631
110010000000100101100001101000011100000000000001110000101100001101001000000010011
845312976397685214612974538523849167176253489984167325769521843238496751451738692
100100001010100110010101000001000111000000000111000100000101010011001010100001001
126459783478623591935178426317592864694781352582364179863945217751236948249817635
000000011010001100100100100100010100100010001001010001001001001001100010110000000
491283657285476193736195248827569431569314872143728569618947325374852916952631784
001010100000100010001000101100001010100101001010100001101000100010001000001010100
632571489194238756578649123849156237361427895725983614957814362213765948486392571
110001001011000011000000010100111000000101000000111001010000000110000110100100011
137952468952486371486173529563841792819725634724369185395618247641297853278534916
010001010001010001100010000100110010010000010010011001000010001100010100010100010
853691274729584631164237985495873126618952347372416598541729863236148759987365412
001000100100101001010101010001101100100000001001101100010101010100101001001000100
743951682291836745856724139514269873932487516687513294168392457375648921429175368
000010010001101010001001001001000011100000001110000100100100100010101100010010000
639478521451263879287591436796352184843917265512846793365784912928135647174629358
100100011010110000001001000010100001010000010100001010000100100000011010110001001
439785612285316479761492853948253167326871945157964328672138594814529736593647281
001000010000011001010100011010000100000111000001000010110001010100110000010000100
597148623834276951261539784683914275472865139159723846725491368318652497946387512
110010100001011011100000000010100000001000100000001010000000001110110100001010011
148527963763491285259386147612853794584679321397214658871965432426738519935142876
001010001000101000100001110111000001000000000100000111011100001000101000100010100
164923875782546139593178264938761542421385796657492381879254613216839457345617928
101000000010000001100001110001011000100101001000110100011100001100000010000000101
672895341853714926194362857327489165569271438418653279285946713931527684746138592
000000010001100011110100100010110100000000000001011010001001011110001100010000000
549172836327468195186395724731584269294613578658927413412836957965741382873259641
001010000110001010100010001000000010011010110010000000100010001010100011000010100
739452618246813579851976432418527963695341287372698154967235841523184796184769325
101010100010001000100000001010110000100010001001010011010000100100100001000101100
836925147957314826412786395285697413174853962369241578791532684528469731643178259
000000100100001101000001011011001000001101100000100110110100000101100001001000000
135629874842537691769481325958176243617342958324958167491865732283794516576213489
000010000100101001001101100010000010001101100010000010001101100100101001000010000
186342795429576138357891426864735219512964387793128564235687941641259873978413652
010001001100000100010110001100101100000000000001101001100011010001000001100100010
265983174189547362734612985426195837593478216817326549342751698951864723678239451
100010000010100001011100000001100110000010000011001100000001110100001010000010001
724135896198276354365498712537684129689712435241953678953861247416527983872349561
100011100000100010000000001010110110010000010011011010100000000010001000001110001
524983761317526849968714235732859416851647392496132587685371924279468153143295678
010001000100001010101010000100001001101000101100100001000010101010100001000100010
294813756178456239563927481827541693956738124431269578782194365619375842345682917
100011000011000100100000000010101001001010100100101010000000001001000110000110001
472396851398571246561248739987412563235689174614753928729164385856937412143825697
010101010101000101000000000001010100100010001001010100000000000101000101010101010
153879246287463951964152837431625789629387415875941623342716598798534162516298374
100010001001110001001001100100100001000000000100001001001100100100011100100010001
147638295598274163263159874435927681986513427721846539872495316659381742314762958
000111000010000010100010001110010011100000001110010011100010001010000010000111000
239714568754836192618952473467185329125693784983247651841579236372468915596321847
000100101000011010010000000100001110001000100011100001000000010010110000101001000
645871932891423576732659184468592713273168495519734628154387269326915847987246351
100010100110000101001000010000110100000101000001011000010000100101000011001010001
361872459958463721724195638895241376273956814146738295517384962689527143432619587
000101101000001000010010001101000010010010010010000101100010010000100000101101000
423156978576289431918743526295361784164827395837594162659432817782915643341678259
011000101010110000000010100011000000000101000000000110001010000000011010101000110
836129745921475368574368192342987651789651423615234879458712936267893514193546287
111001001000001010001000000000011000101000101000110000000000100010100000100100111
497253861581976342326184597632498715178635924954712638749561283263847159815329476
001010000001100010110000010110100001000000000100001011010000011010001100000010100
547281639392546178816793254628415397153967842974328561435872916781639425269154783
100101100010000101000001010100000101010000010101000001010100000101000010001101001
478532169629814573135976824392148756761253498584769312816397245953421687247685931
010000001100001010001001011001001010000101000010100100110100100010100001100000010
495362178876541329132978564968417253741253986253689741324796815589124637617835492
110101001000101100000001010001000011000000000110000100010100000001101000100101011
186529437345187692792643185528914376639875214471362859963258741817496523254731968
000000000010101010001101100011000110100000001011000110001101100010101010000000000
132896457849375216567412893415687329926534178378921645753248961291763584684159732
100000001100011010000100011000100001010000010100001000110001000010110001100000001
762185943198432567435697218947361825251748639386529471523874196619253784874916352
100100101001010000000100100100000100101101101001000001001001000000010100101001001
927185346541326987638749152214653879365978214789412635193567428472891563856234791
000001100001000010001011001001001110010000010011100100100110100010000100001100000
479183256826754931351692784615879342947231865238465197162948573783526419594317628
011000001100001000000100101010010100000010000001010010101001000000100001100000110
653891247481275693927463158816927435579346821234518976362154789198732564745689312
100001000010010001100110001011100100000000000001001110100011001100010010000100001
859716432174923685263845179317254896945687321628391754792168543481532967536479218
001000100100101001000101000011000110000101000011000110000101000100101001001000100
231789645478156392965243187354872961792461853816935724549617238123598476687324519
000010001011000101000000110000110010001101100010011000011000000101000110100010000
678345129513269847924187365341798256865432971792516438136954782259873614487621593
000011100001101000100001001101000000010000010000000101100100001000101100001110000
456879321821653749397124856174238965682945173539716482263481597745392618918567234
001010110110000110000001000001001011000000000110100100000100000011000011011010100
154932876327468159896157243945623718612874395738591624589216437263745981471389562
100010000010100001011100000001100110000010000011001100000001110100001010000010001
275963841619487532843215796928351467564728319137649258386592174452176983791834625
010001000010100000101110100100001001100000001100100001001011101000001010000100010
189367425764258319532491768476135892893624157215879643921786534347512986658943271
001000100001000010010101010100001100100101001001100001010101010010000100001000100
395714682746283915182965743214356879573498126968127534421579368857632491639841257
001001101100010100000001000011100100000010000001001110000100000001010001101100100
437529168518637492926481537791346285845972613362158974259713846174865329683294751 
000001010100001010100000010011110101000000000101011110010000001010100001010100000
613784925754921638298365714841576392376249581925813467537198246482637159169452873 
000100101100011001100010000100000100110000011001000001000010001100110001101001000
235186947417395268698274531754938126163542789982617453826759314571463892349821675
000010100000101100100010100100011010000101000010110001001010001001101000001010000
836412795297653841541897236473581962915726384628934157789265413152348679364179528
010100001101001001001100100000000110000101000011000000001001100100100101100001010
382647915615932478974815632196258347843176259257493186728361594539724861461589723
010100001000001100100100110100000011000010000110000001011001001001100000100001010
675184932438592716912367584347256198189473625256819347861925473523741869794638251
001000011100010000101011100001001001000000000100100100001110101000010001110000100
742635198853291674169748253431529786576483912928176435285914367617352849394867521
010000010001100001010001100111011000000000000000110111001100010100001100010000010
981763524462985713735214869846129357357648291129357486514836972293571648678492135
000110110001000100010000001001100110000101000011001100100000010001000100011011000
932175486576834291418296573891623754267458139345719628729361845683542917154987362
100001000000011001001000001001101010011000110010101100100000100100110000000100001
467359218531827694289641537316472985895136742742985163954713826128564379673298451
000001000100100000001110011001110010001000100010011100110011100000001001000100000
231567498589421673746983125197354862653278914428196537975642381362815749814739256
001100001000000100110000100010101010001000100010101010001000011001000000100001100
765294813914837562382561947298413675147659238653728194876942351521376489439185726
010000100010100100100100011100101000000010000000101001110001001001001010001000010
892571436713694528645823197328457619957162843164938275571346982436289751289715364
001010000100010101011000000011100000100000001000001110000000110101010001000010100
138529476249768513567314892783241659451936287926857134874695321315472968692183745
000101100000100010000010101001000110100010001011000100101010000010001000001101000
847316592953427861162958374375189246698274135421635987739541628214863759586792413
110100101001001011000001000100000100010000010001000001000100000110100100101001011
769435821523891746841726359918654273672983415354172698287319564136547982495268137
011001000010010100100100000001101110000000000011101100000001001001010010000100110
957342168238619754614785932743251689126893475895467213461938527379526841582174396
001001111000000001001001010000010010010101010010010000010100100100000000111100100
837594612154268739962137458283651947745829163691473285426785391579316824318942576
000000001000011101000001011001000001011010110100000100110100000101110000100000000
657281943814639257239457186472895631983146725561723498346918572728564319195372864
000001001000100000111000010110001001010000010100100011010000111000001000100100000
879324561531967482246185937493652718657813249128749356764591823382476195915238674
000010000001001001001100101010010100011000110001010010101001100100100100000010000
642981375987453162531276498173865249859324716264197853395742681718639524426518937
010010001000100110010100100000011001100000001100110000001001010011001000100010010
863294751412765389957381624276143895395827416184956237538479162729618543641532978
000010101000011011000100000101000010011000110010000101000001000110110000101010000
219475863853916247674238591167324985325891674498567132742189356936752418581643729
000100110001001001000110010100000001011000110100000001010011000100100100011001000
256731489319248765748695231572963814493817526861524973937486152684152397125379648
000001011011010010000010100111001000000000000000100111001010000010010110110100000
426837519958162743137549286349718652672954831581623497865291374793486125214375968
000001001010011110000000010110000100001010100001000011010000000011110010100100000
467312958593486271218759436674591823835267194129843765951628347386974512742135689
000010100000100001100010011101001000010000010000100101110010001100001000001010000
693715248472839516581462739167358492358294167924176853745923681819647325236581974
000000011000011000001001101010001001010000010100100010101100100000110000110000000
932681475514397862867542193456139728781264539329758614178925346243876951695413287
000010000100001100000101110001000111001000100111000100011101000001100001000010000
512674839738219645496538712157896423643752981289143576975381264821465397364927158
001010001001110110000000000010011010100000001010110010000000000011011100100010100
352418679876359124941276835184625397539187462267934518715893246628741953493562781
100100001001011000001000110010000001010000010100000010011000100000110100100001001
651279834374186529982543617863752491419638275725914368248391756137865942596427183
001010001000001000110010010011001100001000100001100110010010011000100000100010100
861523497795841362243976851324189675157634289689257134532718946918465723476392518
010100100010000100000010111010010010000101000010010010111010000001000010001001010
796425318831679425254381796589267134342198567617543982128734659975816243463952871
100100011100000100010011000001000001001010100100000100000110010001000001110001001
492567831615839742387214659124986375739425186856173924268751493971342568543698217
011001000011100011010000100000001000010101010000100000001000010110001110000100110
579812364836954217412367958325471689794286531681539472143698725257143896968725143
001011010110000000100000110010110100000000000001011010011000001000000011010110100
589471362743265981612983745926157834358642179174398526235816497461739258897524613
010010100000100110101000000101101000010000010000101101000000101011001000001010010
234176589681295437975348216718562394423789651569413872157824963346957128892631745
000100100110100001010100000000010101010000010101010000000001010100001011001001000
172658394589413276436972518915367482247581963368249751753126849694835127821794635
000000111000010000001101001110011000000010000000110011100101100000010000111000000
132896457849375216567412893415687329926534178378921645753248961291763584684159732
100000001100011010000100011000100001010000010100001000110001000010110001100000001
762185943198432567435697218947361825251748639386529471523874196619253784874916352
100100101001010000000100100100000100101101101001000001001001000000010100101001001
927185346541326987638749152214653879365978214789412635193567428472891563856234791
000001100001000010001011001001001110010000010011100100100110100010000100001100000
479183256826754931351692784615879342947231865238465197162948573783526419594317628
011000001100001000000100101010010100000010000001010010101001000000100001100000110
859716432174923685263845179317254896945687321628391754792168543481532967536479218
001000100100101001000101000011000110000101000011000110000101000100101001001000100
154932876327468159896157243945623718612874395738591624589216437263745981471389562
100010000010100001011100000001100110000010000011001100000001110100001010000010001
275963841619487532843215796928351467564728319137649258386592174452176983791834625
010001000010100000101110100100001001100000001100100001001011101000001010000100010
395714682746283915182965743214356879573498126968127534421579368857632491639841257
001001101100010100000001000011100100000010000001001110000100000001010001101100100
437529168518637492926481537791346285845972613362158974259713846174865329683294751
000001010100001010100000010011110101000000000101011110010000001010100001010100000
613784925754921638298365714841576392376249581925813467537198246482637159169452873
000100101100011001100010000100000100110000011001000001000010001100110001101001000
235186947417395268698274531754938126163542789982617453826759314571463892349821675
000010100000101100100010100100011010000101000010110001001010001001101000001010000
836412795297653841541897236473581962915726384628934157789265413152348679364179528
010100001101001001001100100000000110000101000011000000001001100100100101100001010
382647915615932478974815632196258347843176259257493186728361594539724861461589723
010100001000001100100100110100000011000010000110000001011001001001100000100001010
621853947378964215945271638184635792763492851259718364512386479837149526496527183
010000001010001010101000000010110001100000001100011010000000101010100010100000010
813769452659412837724538619375841296192376548486925371248193765531687924967254183
100101001001000100010010010001101100010000010001101100010010010001000100100101001
763421598812975463954386721495263187681547932237819654126758349549132876378694215
001010010001001000101010001100010010000101000010010001100010101000100100010010100
618734925743952168592186743321865479957241836486379512164528397235497681879613254
000010001100101000011001001100001100001000100001100001100100110000101001100010000
541938672836472195297651348924863751365127984178594263612785439753249816489316527
010100001001010100100010010100011010000000000010110001010010001001010100100001010
348571926716289453529346781961735842475812639832964175297158364653497218184623597
001000000000011110110001010010000001100010001100000010010100011011110000000000100
845697123371452986692138754738215469259764318164389572586941237917823645423576891
000001011100100100100100000101100010010000010010001101000001001001001001110100000
953178624786324951412965387167239548248516739395487216634751892579842163821693475
100010001001100000010001100101001000001000100000100101001100010000001100100010001
186427359254319678937658124619732845475986231823145796348291567791563482562874913
001010010100001000000101001011000100100000001001000110100101000000100001010010100
921758436683492571574613982758329164362147859419865723235971648147286395896534217
001100011010110010000010000010001100000000000001100010000010000010011010110001100
831764925725819643649352871586247139492631587317985264964178352153426798278593416
000000010100010000010110000100001001101000100000110010010100100001110011100000000
216584793974613825385927146723891654859246371641735982537469218192358467468172539
100011010010000100101010000011001011000010010101100001000000000000100010001100101
125843796793562418648179325967438152231657849854291673419385267586724931372916584
100100100010010100100000001110100100000011000101011011000111100001010011011000011
978615243524783691163942578852374169349861725716259834495126387681437952237598416
101101000101011001010000010100100011010111010110001001010000010100110101000101101
239761458651483927847529163174396285398245716526178394465932871782614539913857642
100001010100010000010100011101011000010000100000101101001001110010010110000001001
168937452593428617274615893981753264427186935635294178719342586846571329352869741
111000010100011010010100000100001001001111100100100001000001010010110001010000111
438615792562879341971234568326951874814726953759348216685492137293167485147583629
010100100101001000101001010010011000100010001000110010010100101000100101001001010
785941326634285917921637854473519682152876439896324175348762591567193248219458763
100110100000011001001000001000001101110100000100010000010011001110001000001010000
723684951689251743541937286492365178378412569156879432265148397934726815817593624
000110000010000110110110110110010001001111100100010011011011011011000010000011000
768453921493162785215897346846579213951234678372681594134725869587916432629348157
100001000000000000001110011011001010001010001001100100001001100100010001110000001
135287469689514732724963815463892571597631284218745693942178356376459128851326947
011001100000000001001000010001001001010000010100010010100100011010000000100101010
569374128342581967781692345235146789496758231817923456673415892958237614124869573
010011000101000100001010011101000001010111010100000101110010100001000101000110010
789541326314286597526937841875624913243195768961378254138459672492763185657812439
010100101000010010100001010000001010101010101010100000010100001010010000101001010
362874159945162738817935624198423576536798412274651893789316245453287961621549387
001010100010010001010100000000001100001111001000010110010101010010000100000010001
184526973527319846396748125862497351941235768753681294235174689619852437478963512
010010010001100100101000001000010111010100000000001110001101100001010010000000001
931876524782451693456392178698715342347628915125943786279564831864137259513289467
001110000001001110100000001010010001100101001100010010100000001011100100000011100
816347259724591863953286471687952314541738692392614785468129537175463928239875146
000010100100000001111000010010100101100100000001001001010100100100010010001100000
816347259724591863953286471687952314541738692392614785468129537175463928239875146
000010100100000001111000010010100101100100000001001001010100100100010010001100000
847593126529681734361427895182356947735942618694178352918264573256739481473815269
100010010010001100010100001010010001001001100101000100000000000000101110001010000
125396784987145236643827951462519378358274169791638542236781495574962813819453627
101010100011100001100010110110100000000010000000001011011010001100001110001010101
184275369329816547567439821436791258891352674752648193245983716913567482678124935
000010001110000110000000000001010100100101001010001100100001001010010110011100000
976481325518263479342759681189642753637195248425837196794516832863924517251378964
100001000010010010001101100000010101010101010101010000001101100010010010000100001
654918723387245961129376845845137296712659384936824157468793512571482639293561478
000010010000111001001000100010001110010010000100100010010001100010100000001010001
754961823231875469968342571485619732317524698629783154873496215542137986196258347
110010010101100100000110101100100001011010110100001001101011000001001101010010011
369741825248659371517328469976582134132974586854163297691835742723416958485297613
000001011101100010001000100100010101001010000110001000001010001001001010010010000
948673152267514893351892764173456928496128375825937416784261539639785241512349687
010010010001001101100010010011000000001111100000000110010010001101100100010010010
358624917164973582297851463513289746786415239942736158471362895835197624629548371
001010010110000000010010011111000101100000010000001001100001100001011000000010000
135849672986127345274635918542398167397261854618574293461783529753912486829456731
011100010100001001110010010100001000001101100000100001010010011100100001010001110
157264398362189457498357216231745689879631524645928173514873962986412735723596841
101000101001000000010010000100010100000100100010001001010101001100101100001001010
621439785784651239359827614968173542213546978547298361872964153196385427435712896
101010100000000101100101001001000011000101000110000100100101001101000000001010101
751834269983625174462179385315982647847316952629457813234568791578291436196743528
001001010110010010000001101101010000001000100000010101101100000010010011010100100
627134859849527136351896247786942315234651978195378624912465783468713592573289461
010101000100000101010100010101001001100000001100100101010101010101000001000001010
315964782748213596269875341124589637987632415653147829871426953532798164496351278
000111010100010100001001001010100100001010000100010111111000100011001001000000010
382567149591842376467931582218659734745123698639478251973286415124795863856314927
101110100000000010010101100010101000101000101000101010001101010010000000001011101
463915287972846531851372946247653198689721453135498762394267815718539624526184379
000110011000000000010101000001011001100000010010100010011000010101001001001010100
685312947193847256274659183457938612931526874862174539519763428348291765726485391
101011101100000001010000010100010010001010100010010001010000010100000001101110101
498137652513246798276985431732518946681493275954672183349861527865724319127359864
001000101100000001010101000001000011000001010110001100000001010010001001001100001
368951274795423861124867953937612485452798136816345792279136548543289617681574329
000011100101100001010000101010001100010111010001100010001000010100001101001110000
735429816182673945946518372217835469869247531453961287678392154391754628524186793
001010011000001000101010100010001101000101000101100010001010101000100000110010100
418372965932615847765489132683147259274956381591238476327861594146593728859724613
010001001110010100010100010101001000001001001010100100001000100010011011000000000
768591432293648571415273968984365127327189654651724893549837216876912345132456789
101000101000010001100100010011001100010111010001100110010001001100010000101000101
726158439139724568458369271564871392983245716217693845891537624675412983342986157
010100010100010001001001000100100010100010101000001000000100100010000001000111010
526138974139764825478295361385917642614523798297846513841379256952681437763452189
111010000000001101010101010010001001001010100100100010010101010101100000000010111